{
 "param_model": {
  "model_name": "UnfoldedFB",
  "module_name": "UNet",
  "depth": 5,
  "trainable": true,
  "date": "2023-10-14",
  "additional_params": {
   "scales": 2
  },
  "full_model_name": "UnfoldedFB_UNet_sb=0.5_s=7_sn=0.25_depth=5_scales=2",
  "epoch": 50,
  "lr": 0.0001,
  "n_parameters": 2223685,
  "time": 3755.967653274536,
  "psnr": 22.52
 },
 "param_problem": {
  "kernel": [
   [
    [
     [
      1.4350735271358796e-16,
      3.160959992018486e-12,
      1.275222372143503e-09,
      9.422688407312307e-09,
      1.275222372143503e-09,
      3.160959992018486e-12,
      1.4350735271358796e-16
     ],
     [
      3.160959992018486e-12,
      6.962477527849842e-08,
      2.808864155667834e-05,
      0.00020754853903781623,
      2.808864155667834e-05,
      6.962477527849842e-08,
      3.160959992018486e-12
     ],
     [
      1.275222372143503e-09,
      2.808864155667834e-05,
      0.011331766843795776,
      0.08373105525970459,
      0.011331766843795776,
      2.808864155667834e-05,
      1.275222372143503e-09
     ],
     [
      9.422688407312307e-09,
      0.00020754853903781623,
      0.08373105525970459,
      0.618693470954895,
      0.08373105525970459,
      0.00020754853903781623,
      9.422688407312307e-09
     ],
     [
      1.275222372143503e-09,
      2.808864155667834e-05,
      0.011331766843795776,
      0.08373105525970459,
      0.011331766843795776,
      2.808864155667834e-05,
      1.275222372143503e-09
     ],
     [
      3.160959992018486e-12,
      6.962477527849842e-08,
      2.808864155667834e-05,
      0.00020754853903781623,
      2.808864155667834e-05,
      6.962477527849842e-08,
      3.160959992018486e-12
     ],
     [
      1.4350735271358796e-16,
      3.160959992018486e-12,
      1.275222372143503e-09,
      9.422688407312307e-09,
      1.275222372143503e-09,
      3.160959992018486e-12,
      1.4350735271358796e-16
     ]
    ]
   ]
  ],
  "shape": [
   28,
   28
  ],
  "sigma_blur": 0.5,
  "sigma_noise": 0.25,
  "size_blur": 7,
  "n_data_train": 60000,
  "n_data_test": 10000,
  "n_channels": 1,
  "name_dataset": "sb=0.5_s=7_sn=0.25",
  "nm_img": [
   0,
   26,
   87,
   73,
   59,
   47
  ]
 }
}